22.0
2.0
5.0
1.0
1.0
1.0
1.0
1.0
3.0
2.0
1.0
1.0
3.0
9.0
15.0
25.0
1.0
1.0
5.0
4.0
1.0
2.0
1.0
1.0
50.0
1.0
1.0
1.0
1.0
7.0
1.0
1.0
1.0
3.0
6.0
1.0
20.0
10.0
1.0
2.0
10.0
1.0
8.0
2.0
2.0
1.0
1.0
1.0
4.0
1.0
43.0
2.0
2.0
3.0
1.0
2.0
8.0
1.0
1.0
16.0
1.0
4.0
1.0
3.0
1.0
1.0
1.0
2.0
1.0
1.0
6.0
1.0
2.0
1.0
1.0
1.0
1.0
1.0
4.0
4.0
1.0
1.0
1.0
9.0
1.0
1.0
105.0
1.0
3.0
6.0
2.0
1.0
1.0
3.0
1.0
3.0
2.0
1.0
1.0
13.0
2.0
25.0
5.0
9.0
1.0
5.0
1.0
1.0
54.0
2.0
1.0
5.0
2.0
18.0
2.0
3.0
5.0
1.0
2.0
11.0
2.0
12.0
1.0
29.0
2.0
7.0
2.0
1.0
2.0
1.0
1.0
7.0
1.0
1.0
1.0
3.0
2.0
5.0
1.0
3.0
1.0
15.0
1.0
23.0
10.0
1.0
1.0
1.0
3.0
4.0
2.0
2.0
2.0
12.0
11.0
1.0
9.0
1.0
3.0
3.0
12.0
1.0
4.0
2.0
31.0
1.0
10.0
1.0
9.0
2.0
1.0
1.0
6.0
1.0
1.0
3.0
1.0
4.0
16.0
1.0
1.0
29.0
1.0
1.0
1.0
5.0
3.0
1.0
1.0
2.0
1.0
1.0
2.0
1.0
3.0
1.0
1.0
79.0
2.0
4.0
1.0
1.0
11.0
2.0
1.0
2.0
16.0
5.0
1.0
2.0
1.0
1.0
3.0
1.0
3.0
6.0
1.0
4.0
2.0
4.0
2.0
4.0
1.0
1.0
34.0
1.0
1.0
1.0
17.0
4.0
4.0
2.0
3.0
2.0
1.0
1.0
11.0
27.0
1.0
111.0
7.0
2.0
2.0
6.0
1.0
46.0
1.0
6.0
2.0
1.0
10.0
11.0
1.0
1.0
8.0
2.0
2.0
4.0
3.0
4.0
2.0
2.0
3.0
5.0
1.0
7.0
6.0
1.0
6.0
6.0
1.0
2.0
23.0
1.0
224.0
1.0
7.0
1.0
26.0
1.0
1.0
3.0
1.0
2.0
1.0
10.0
1.0
1.0
20.0
19.0
2.0
14.0
2.0
70.0
21.0
1.0
2.0
1.0
130.0
9.0
2.0
1.0
1.0
2.0
1.0
7.0
1.0
1.0
10.0
22.0
1.0
1.0
1.0
1.0
5.0
1.0
1.0
1.0
6.0
1.0
2.0
5.0
1.0
1.0
2.0
2.0
21.0
8.0
2.0
3.0
3.0
4.0
3.0
1.0
22.0
3.0
3.0
1.0
2.0
3.0
1.0
7.0
10.0
3.0
2.0
1.0
6.0
2.0
1.0
14.0
10.0
4.0
1.0
1.0
1.0
1.0
1.0
1.0
4.0
6.0
1.0
1.0
8.0
1.0
2.0
1.0
2.0
2.0
1.0
1.0
1.0
7.0
3.0
1.0
46.0
1.0
1.0
9.0
1.0
3.0
1.0
2.0
1.0
3.0
1.0
1.0
20.0
1.0
118.0
1.0
1.0
2.0
20.0
4.0
3.0
5.0
1.0
6.0
2.0
5.0
1.0
1.0
10.0
1.0
1.0
2.0
10.0
3.0
3.0
1.0
1.0
9.0
2.0
2.0
4.0
1.0
4.0
1.0
8.0
2.0
3.0
78.0
1.0
5.0
1.0
21.0
1.0
3.0
1.0
7.0
1.0
36.0
1.0
1.0
1.0
2.0
1.0
11.0
3.0
1.0
3.0
1.0
3.0
1.0
7.0
6.0
3.0
1.0
5.0
1.0
2.0
24.0
1.0
2.0
1.0
30.0
1.0
15.0
5.0
2.0
5.0
1.0
1.0
1.0
4.0
1.0
8.0
6.0
1.0
6.0
2.0
1.0
3.0
1.0
2.0
7.0
4.0
1.0
1.0
2.0
1.0
1.0
3.0
24.0
7.0
8.0
2.0
7.0
1.0
3.0
6.0
1.0
54.0
1.0
3.0
1.0
4.0
12.0
1.0
1.0
41.0
26.0
1.0
18.0
2.0
6.0
55.0
1.0
1.0
1.0
1.0
1.0
3.0
1.0
4.0
3.0
36.0
5.0
2.0
1.0
2.0
7.0
1.0
12.0
30.0
9.0
3.0
1.0
2.0
3.0
1.0
2.0
2.0
1.0
28.0
3.0
2.0
1.0
1.0
3.0
1.0
1.0
4.0
1.0
1.0
1.0
1.0
2.0
2.0
3.0
4.0
1.0
2.0
1.0
3.0
1.0
1.0
1.0
1.0
6.0
1.0
6.0
1.0
7.0
2.0
2.0
2.0
2.0
7.0
8.0
1.0
1.0
1.0
1.0
2.0
5.0
1.0
1.0
22.0
1.0
14.0
22.0
1.0
1.0
2.0
1.0
1.0
3.0
6.0
1.0
3.0
2.0
1.0
1.0
4.0
3.0
1.0
3.0
2.0
44.0
1.0
10.0
1.0
1.0
5.0
2.0
24.0
1.0
1.0
1.0
7.0
1.0
7.0
45.0
4.0
1.0
45.0
3.0
1.0
6.0
6.0
1.0
1.0
5.0
6.0
8.0
1.0
7.0
74.0
4.0
2.0
7.0
1.0
4.0
1.0
3.0
2.0
5.0
1.0
4.0
1.0
1.0
3.0
7.0
7.0
17.0
4.0
3.0
7.0
35.0
1.0
1.0
1.0
2.0
1.0
1.0
1.0
1.0
1.0
1.0
2.0
1.0
1.0
2.0
7.0
1.0
4.0
4.0
1.0
1.0
2.0
18.0
1.0
3.0
2.0
1.0
10.0
2.0
2.0
1.0
1.0
9.0
4.0
2.0
1.0
1.0
2.0
20.0
2.0
1.0
63.0
6.0
2.0
1.0
2.0
1.0
1.0
3.0
31.0
1.0
3.0
2.0
4.0
1.0
3.0
1.0
1.0
1.0
6.0
1.0
3.0
4.0
1.0
2.0
1.0
2.0
9.0
1.0
1.0
1.0
1.0
1.0
2.0
1.0
1.0
1.0
1.0
1.0
4.0
1.0
1.0
2.0
1.0
11.0
1.0
19.0
1.0
3.0
8.0
2.0
1.0
1.0
1.0
1.0
17.0
15.0
1.0
12.0
1.0
1.0
1.0
47.0
1.0
7.0
6.0
1.0
2.0
7.0
1.0
1.0
7.0
1.0
1.0
2.0
3.0
1.0
2.0
9.0
8.0
1.0
1.0
2.0
2.0
1.0
5.0
8.0
1.0
13.0
1.0
1.0
5.0
16.0
2.0
2.0
1.0
2.0
3.0
2.0
1.0
1.0
11.0
278.0
1.0
1.0
19.0
1.0
2.0
6.0
2.0
1.0
1.0
1.0
1.0
1.0
12.0
1.0
1.0
7.0
1.0
8.0
3.0
3.0
3.0
6.0
1.0
4.0
8.0
10.0
3.0
47.0
5.0
2.0
2.0
2.0
2.0
1.0
1.0
5.0
1.0
3.0
1.0
1.0
8.0
1.0
5.0
12.0
22.0
2.0
2.0
1.0
1.0
1.0
4.0
2.0
1.0
2.0
3.0
3.0
1.0
3.0
7.0
1.0
1.0
11.0
1.0
2.0
1.0
5.0
15.0
1.0
2.0
2.0
5.0
21.0
21.0
38.0
1.0
2.0
2.0
3.0
3.0
3.0
1.0
1.0
5.0
1.0
5.0
1.0
5.0
1.0
2.0
2.0
3.0
3.0
1.0
8.0
2.0
1.0
3.0
1.0
1.0
2.0
1.0
2.0
17.0
1.0
2.0
2.0
1.0
5.0
1.0
4.0
1.0
3.0
1.0
2.0
2.0
2.0
2.0
3.0
1.0
9.0
1.0
1.0
6.0
5.0
1.0
1.0
481.0
1.0
1.0
1.0
6.0
4.0
1.0
1.0
1.0
2.0
1.0
1.0
1.0
3.0
5.0
1.0
3.0
1.0
1.0
5.0
1.0
1.0
26.0
1.0
1.0
1.0
2.0
4.0
2.0
1.0
1.0
5.0
4.0
6.0
3.0
21.0
2.0
2.0
1.0
1.0
1.0
2.0
1.0
1.0
1.0
1.0
3.0
1.0
1.0
21.0
1.0
3.0
6.0
81.0
1.0
3.0
1.0
1.0
3.0
4.0
4.0
481.0
1.0
4.0
2.0
1.0
2.0
1.0
1.0
1.0
5.0
14.0
1.0
2.0
9.0
9.0
1.0
2.0
1317.0
1.0
1.0
6.0
